0
0
2
6
7
8
8
9
10
10
11
11
12
13
14
14
15
16
16
16
17
19
20
20
21
23
24
25
25
26
26
26
27
28
28
28
30
30
31
33
36
39
39
40
41
41
41
42
43
43
45
46
48
48
51
51
51
53
54
54
55
55
58
58
59
60
60
62
62
62
63
63
64
65
67
67
67
68
69
71
71
71
71
72
73
74
75
75
76
78
81
83
85
86
88
88
90
91
92
93
94
94
99
99
100
101
102
102
102
105
109
110
110
110
111
113
114
116
117
117
117
118
119
122
123
124
124
125
125
126
126
126
127
130
132
132
132
133
133
134
134
136
137
137
137
138
138
138
139
140
140
140
142
142
142
143
144
146
147
149
150
151
152
154
155
157
157
159
159
160
160
160
160
161
161
163
163
164
165
165
166
167
168
169
169
169
172
172
173
174
175
175
176
178
180
180
180
181
181
183
184
184
185
186
187
187
189
189
190
193
194
195
196
198
198
200
200
202
202
204
205
207
208
209
209
209
210
210
211
211
212
215
215
215
216
217
217
218
219
219
221
221
221
222
223
224
225
226
227
228
228
230
230
230
232
233
233
234
234
236
236
237
237
237
238
238
238
239
240
240
243
244
244
244
245
246
246
246
247
248
252
255
256
257
259
259
259
260
263
264
264
266
267
271
273
274
279
279
280
280
280
280
281
281
281
282
284
285
287
287
288
288
290
291
292
293
295
295
297
298
298
299
300
301
301
302
302
304
305
306
307
308
308
310
311
312
313
314
314
314
315
316
316
316
317
317
318
319
320
320
322
322
323
323
326
326
327
328
328
329
330
330
331
332
333
335
336
336
337
338
340
341
341
343
348
348
351
352
353
354
355
355
355
355
356
356
357
360
361
362
363
363
364
364
364
365
368
368
369
370
370
370
370
371
371
371
373
373
374
374
377
377
378
379
379
379
382
383
383
383
384
384
384
385
387
387
390
391
391
393
393
394
394
394
394
394
395
397
398
402
403
404
407
412
412
414
414
417
417
418
421
422
422
424
425
425
426
427
427
428
430
430
432
432
433
435
436
437
437
437
438
438
440
441
443
444
445
446
447
448
448
449
450
452
454
454
460
460
461
462
463
464
464
468
468
469
469
471
474
474
474
475
475
479
481
482
482
482
484
487
487
490
490
491
491
492
492
493
494
494
495
496
500
500
500
500
502
504
505
509
510
510
510
511
512
512
513
514
515
516
517
517
518
519
521
521
522
523
523
524
524
525
525
525
526
528
529
529
530
531
531
534
535
535
536
536
536
538
538
543
546
546
547
549
550
550
551
551
551
552
552
552
554
554
555
555
555
556
556
557
557
558
559
560
561
562
562
564
564
565
566
566
567
568
568
569
569
570
570
571
571
571
573
574
577
577
579
580
580
582
586
586
586
591
593
593
594
594
594
595
595
596
598
598
601
601
602
603
603
603
603
605
608
608
608
609
609
609
611
611
612
613
614
615
616
618
618
619
619
620
622
623
625
626
627
628
629
636
637
637
638
640
640
641
642
642
643
645
647
647
648
650
650
651
651
651
651
652
656
658
659
659
659
660
660
660
660
661
661
661
664
665
667
667
668
668
670
671
673
674
675
676
676
676
676
678
681
683
683
685
686
687
688
694
694
695
695
695
696
696
697
698
698
698
702
702
702
702
704
705
708
708
708
712
712
713
713
713
715
715
715
716
717
717
718
722
723
725
725
726
727
728
728
729
730
730
731
735
738
738
739
739
741
744
745
747
749
750
752
752
752
753
754
754
754
755
755
756
758
761
763
765
766
767
767
767
767
769
769
771
773
774
776
777
778
779
780
781
781
782
782
782
783
783
783
783
784
786
790
790
791
794
794
795
795
797
800
801
801
802
803
803
804
806
806
809
810
810
812
813
815
815
816
817
818
821
822
822
822
826
826
826
826
827
829
830
833
833
838
838
839
841
841
842
845
849
850
854
859
861
862
863
865
866
866
868
870
870
871
873
875
877
877
877
878
879
880
882
882
883
883
884
884
885
886
887
888
888
889
891
895
896
897
897
899
899
905
906
907
907
907
908
912
914
916
920
923
926
928
931
932
932
933
933
933
934
934
934
934
937
937
940
941
941
942
942
945
945
945
946
948
952
953
953
954
955
957
957
958
959
960
960
961
964
964
965
965
966
966
967
968
968
969
970
971
971
973
973
973
973
974
975
975
976
976
978
979
981
981
982
982
983
983
986
986
988
989
989
989
990
990
990
990
991
992
993
994
997
997
998
