0
1
1
2
4
4
4
4
5
7
8
10
11
11
12
13
14
15
15
16
16
16
18
18
18
18
21
21
22
22
24
25
26
27
29
29
29
30
32
33
33
37
38
40
40
42
42
42
45
47
47
48
48
49
49
51
51
53
55
56
56
57
58
58
58
58
60
61
65
65
66
67
69
71
72
73
74
76
76
77
77
78
79
80
82
83
83
86
88
88
89
90
90
92
93
95
95
96
97
97
98
98
98
99
101
102
102
102
103
104
104
106
106
108
110
111
113
117
120
120
121
121
121
121
125
125
126
126
129
129
130
130
131
132
132
133
134
135
135
135
137
137
138
138
138
140
141
142
143
144
144
145
148
149
149
150
150
152
152
154
154
155
156
157
157
158
158
159
159
161
163
164
166
167
170
170
173
174
175
178
179
180
181
181
183
185
185
185
185
188
188
192
192
193
194
194
194
194
195
195
195
196
197
197
198
198
201
201
202
202
204
204
205
206
206
207
210
210
215
215
216
217
218
220
220
221
222
222
224
225
225
227
227
228
233
234
235
236
236
236
237
237
239
240
240
242
243
245
245
246
247
248
249
249
249
249
251
251
252
252
253
254
255
256
258
258
258
258
258
259
260
262
263
264
266
267
269
270
273
273
274
274
276
277
278
281
284
284
285
285
285
285
287
287
287
288
289
290
290
290
291
292
295
297
298
298
299
300
301
302
302
303
303
303
306
306
306
307
308
308
308
309
310
310
313
314
314
314
318
319
319
319
321
322
326
328
329
329
329
330
331
333
333
338
338
339
339
341
342
343
343
343
344
344
345
346
346
347
347
348
348
348
348
350
350
352
352
353
353
356
358
358
360
363
363
365
365
365
366
367
367
368
371
372
372
373
373
375
375
376
378
378
378
378
379
379
380
381
381
381
383
384
385
386
387
390
391
392
393
395
395
396
400
400
401
404
404
405
406
406
407
407
409
409
409
409
410
411
411
414
414
416
417
418
419
419
420
420
420
422
423
424
424
427
428
428
428
429
429
429
431
432
433
434
434
434
436
437
439
440
440
442
443
444
445
446
448
449
450
452
454
457
458
458
460
460
462
463
463
466
466
468
469
470
470
470
472
473
473
475
475
477
478
478
481
482
483
486
488
489
491
491
491
491
492
495
495
496
496
498
498
499
500
500
503
503
505
505
505
508
508
509
509
510
511
512
513
513
514
514
515
516
516
516
518
519
519
519
521
522
522
522
525
525
525
528
528
528
529
533
535
535
536
536
537
537
538
539
543
543
543
545
547
548
550
551
551
551
555
557
559
561
564
564
564
564
565
567
569
573
574
575
575
576
577
577
578
578
580
582
583
584
585
585
585
586
588
591
593
593
593
594
602
602
603
604
607
608
608
609
611
612
613
613
614
615
617
617
617
619
619
620
622
623
623
625
626
626
630
630
631
631
631
633
633
633
634
636
636
637
637
638
642
642
644
645
646
647
649
650
651
651
652
652
654
654
654
654
654
655
661
661
661
662
662
663
665
665
666
666
668
669
670
671
672
675
676
678
679
679
680
684
684
686
686
686
687
691
692
693
694
696
697
697
698
700
702
702
703
705
705
706
708
708
711
712
712
714
716
716
716
718
718
718
718
718
720
720
721
721
721
722
725
728
732
733
733
733
735
735
737
737
737
737
738
740
740
741
741
742
742
743
744
748
752
755
756
757
757
759
760
762
765
766
768
768
768
769
770
770
770
772
772
772
773
773
775
775
776
776
777
777
778
779
779
779
781
782
784
786
788
791
791
792
792
793
795
796
797
798
800
800
802
805
805
806
807
807
808
810
810
810
813
814
814
815
815
817
817
818
819
820
822
825
825
826
826
827
827
827
827
827
829
829
829
830
830
832
833
834
835
835
836
836
837
838
839
839
840
842
845
845
846
846
847
848
849
850
851
853
854
855
855
856
858
858
859
860
860
861
866
868
868
870
870
871
872
873
874
875
875
876
876
879
880
882
884
884
884
885
885
886
887
888
889
890
891
892
892
893
895
896
896
898
898
899
899
900
900
900
901
902
904
905
906
907
908
908
910
911
913
916
916
917
920
920
920
923
924
924
924
926
928
928
929
929
930
932
933
933
942
942
943
945
948
949
950
954
955
955
955
955
956
957
960
961
962
962
963
963
964
964
964
965
965
966
966
966
967
968
969
969
971
971
971
974
974
975
976
976
978
980
982
982
983
983
984
985
987
988
988
990
990
991
991
991
993
994
995
995
996
996
999
1000
1002
1002
1005
1006
1006
1007
1008
1009
1009
1012
1012
1013
1013
1013
1014
1015
1016
1016
1017
1018
1018
1021
1022
1022
1024
1024
1027
1027
1029
1030
1031
1031
1031
1034
1034
1034
1035
1035
1035
1037
1038
1040
1041
1041
1042
1043
1043
1047
1047
1050
1050
1052
1053
1054
1055
1055
1055
1056
1058
1060
1062
1063
1066
1068
1068
1068
1074
1074
1075
1075
1075
1076
1077
1080
1081
1081
1086
1088
1089
1090
1092
1093
1093
1094
1094
1095
1096
1097
1097
1099
1099
1101
1101
1101
1101
1102
1102
1104
1105
1108
1109
1110
1111
1111
1111
1112
1112
1113
1113
1114
1114
1114
1117
1119
1119
1120
1121
1122
1123
1126
1126
1127
1129
1129
1130
1130
1131
1132
1132
1134
1136
1138
1139
1141
1143
1143
1145
1146
1148
1149
1149
1150
1151
1152
1153
1153
1154
1154
1155
1156
1157
1157
1158
1159
1161
1163
1164
1166
1167
1168
1169
1170
1170
1171
1172
1173
1174
1174
1178
1181
1182
1184
1185
1186
1186
1188
1188
1189
1189
1189
1190
1190
1192
1193
1194
1195
1197
1197
1198
1198
1199
1199
1200
1201
1201
1203
1203
1204
1205
1209
1209
1209
1211
1211
1212
1215
1216
1218
1218
1220
1221
1223
1224
1225
1226
1228
1228
1228
1229
1230
1230
1231
1233
1233
1233
1238
1238
1239
1239
1241
1242
1242
1243
1244
1244
1245
1246
1248
1249
1249
1250
1250
1254
1256
1256
1261
1261
1261
1264
1264
1264
1265
1266
1266
1267
1267
1269
1269
1270
1271
1271
1271
1272
1273
1273
1274
1274
1275
1276
1276
1277
1279
1279
1280
1281
1282
1283
1283
1284
1284
1284
1286
1287
1287
1287
1289
1289
1290
1292
1292
1293
1294
1295
1296
1298
1300
1303
1304
1307
1309
1310
1311
1311
1313
1317
1317
1318
1318
1322
1323
1323
1324
1325
1325
1325
1325
1327
1327
1328
1329
1330
1331
1332
1333
1334
1334
1336
1340
1340
1341
1341
1341
1342
1342
1344
1345
1345
1346
1347
1349
1353
1353
1354
1354
1354
1358
1358
1359
1360
1360
1362
1362
1363
1363
1364
1364
1366
1366
1367
1368
1369
1371
1373
1374
1375
1375
1375
1376
1377
1379
1379
1380
1380
1381
1381
1381
1381
1384
1384
1385
1388
1391
1391
1392
1393
1393
1394
1395
1396
1396
1399
1400
1400
1400
1404
1405
1405
1409
1409
1410
1410
1410
1411
1412
1414
1414
1415
1419
1419
1420
1420
1421
1421
1423
1423
1424
1425
1425
1426
1426
1427
1427
1428
1428
1429
1429
1429
1430
1430
1431
1432
1435
1436
1437
1437
1440
1440
1440
1441
1443
1447
1447
1449
1449
1450
1450
1452
1453
1454
1456
1457
1457
1457
1457
1458
1458
1458
1460
1460
1461
1462
1463
1467
1467
1467
1467
1471
1471
1473
1473
1474
1475
1476
1476
1477
1477
1479
1481
1482
1482
1482
1483
1483
1486
1486
1491
1493
1494
1494
1495
1496
1498
1498
1499
1499
1500
1501
1502
1502
1503
1503
1506
1506
1507
1509
1509
1511
1512
1513
1514
1515
1515
1516
1517
1518
1519
1519
1520
1520
1522
1523
1523
1524
1525
1525
1528
1529
1529
1531
1532
1533
1534
1534
1536
1537
1537
1539
1541
1542
1543
1543
1543
1543
1545
1546
1548
1549
1549
1550
1550
1551
1552
1553
1553
1554
1554
1558
1558
1559
1560
1561
1561
1563
1564
1564
1566
1567
1568
1569
1569
1571
1571
1572
1573
1575
1575
1575
1576
1576
1577
1577
1578
1578
1579
1579
1580
1581
1582
1584
1587
1587
1588
1588
1588
1589
1590
1592
1594
1594
1594
1595
1597
1597
1597
1601
1602
1604
1604
1604
1605
1605
1605
1606
1609
1610
1610
1610
1610
1611
1612
1612
1613
1615
1615
1616
1619
1621
1622
1622
1623
1623
1624
1625
1625
1625
1626
1627
1628
1628
1630
1631
1631
1634
1636
1637
1637
1637
1638
1638
1638
1638
1640
1641
1642
1642
1642
1646
1646
1646
1646
1647
1648
1648
1649
1651
1653
1653
1655
1656
1656
1658
1659
1660
1661
1663
1664
1664
1666
1667
1667
1667
1669
1670
1670
1672
1673
1674
1675
1676
1676
1678
1679
1679
1680
1680
1680
1682
1684
1684
1685
1685
1687
1689
1691
1693
1694
1694
1694
1697
1697
1697
1698
1698
1701
1701
1702
1702
1704
1704
1705
1705
1706
1707
1707
1707
1708
1709
1709
1710
1710
1712
1712
1712
1713
1713
1713
1716
1717
1718
1719
1720
1721
1724
1726
1727
1727
1727
1727
1728
1732
1733
1735
1736
1736
1737
1738
1738
1738
1739
1741
1743
1744
1747
1747
1749
1750
1753
1753
1753
1755
1757
1759
1762
1763
1763
1768
1768
1769
1770
1770
1771
1772
1774
1775
1775
1777
1777
1778
1778
1780
1780
1780
1782
1785
1786
1786
1786
1789
1789
1790
1790
1790
1790
1793
1793
1794
1794
1794
1796
1796
1798
1798
1798
1799
1800
1802
1803
1803
1804
1804
1805
1806
1807
1807
1808
1812
1812
1812
1813
1814
1814
1815
1817
1817
1819
1827
1828
1829
1831
1831
1831
1832
1832
1833
1834
1834
1835
1835
1836
1839
1840
1842
1843
1843
1843
1844
1846
1846
1847
1848
1848
1849
1850
1851
1852
1852
1852
1852
1852
1853
1855
1855
1855
1856
1856
1856
1857
1857
1857
1860
1860
1861
1863
1864
1866
1866
1869
1870
1870
1870
1870
1871
1872
1872
1873
1874
1875
1877
1878
1879
1879
1882
1882
1883
1884
1884
1884
1884
1884
1885
1886
1886
1889
1889
1890
1890
1891
1891
1894
1895
1897
1897
1897
1897
1898
1899
1899
1900
1900
1902
1903
1903
1903
1905
1905
1908
1909
1910
1913
1913
1913
1916
1917
1917
1918
1922
1922
1922
1923
1926
1927
1927
1930
1932
1935
1937
1939
1941
1943
1943
1944
1945
1945
1945
1945
1946
1946
1948
1948
1948
1949
1950
1951
1951
1951
1954
1954
1955
1957
1957
1959
1960
1962
1963
1964
1964
1965
1967
1968
1970
1971
1971
1972
1972
1972
1975
1975
1976
1976
1977
1979
1979
1980
1980
1981
1983
1983
1984
1987
1989
1990
1990
1990
1992
1993
1993
1995
1995
1995
1996
1997
1997
1998
1998
1998
2000
2000
2000
2000
2001
2002
2004
2006
2008
2008
2008
2010
2010
2010
2010
2012
2012
2013
2013
2016
2020
2020
2021
2023
2023
2025
2025
2026
2026
2028
2028
2031
2032
2033
2034
2034
2035
2035
2036
2038
2042
2044
2045
2045
2047
2047
2048
2051
2052
2055
2055
2055
2056
2057
2059
2060
2062
2062
2062
2063
2064
2064
2065
2065
2066
2067
2068
2068
2071
2072
2072
2072
2072
2073
2073
2073
2076
2077
2077
2080
2080
2081
2081
2083
2085
2086
2086
2087
2087
2088
2088
2091
2091
2092
2092
2092
2094
2094
2094
2095
2096
2097
2097
2099
2099
2101
2102
2102
2104
2107
2107
2110
2111
2112
2113
2116
2116
2116
2116
2117
2118
2119
2119
2121
2122
2122
2122
2123
2126
2127
2130
2130
2132
2134
2134
2136
2136
2136
2137
2140
2141
2143
2143
2144
2144
2153
2154
2156
2156
2157
2158
2160
2161
2162
2164
2167
2169
2170
2173
2174
2178
2179
2179
2179
2181
2185
2186
2188
2189
2189
2191
2193
2195
2196
2199
2201
2202
2203
2204
2206
2206
2207
2207
2207
2209
2209
2210
2210
2210
2213
2214
2215
2215
2216
2217
2218
2218
2218
2220
2223
2224
2224
2224
2225
2226
2227
2229
2229
2229
2231
2231
2231
2233
2237
2237
2238
2239
2240
2244
2245
2246
2247
2248
2250
2251
2251
2253
2254
2255
2256
2257
2259
2259
2260
2261
2263
2264
2265
2267
2267
2268
2269
2271
2271
2272
2274
2274
2274
2279
2282
2282
2284
2284
2285
2285
2287
2287
2288
2294
2294
2294
2294
2296
2297
2297
2297
2297
2298
2299
2300
2301
2301
2302
2302
2303
2304
2305
2305
2305
2305
2306
2307
2307
2307
2308
2308
2308
2309
2309
2310
2311
2312
2314
2314
2315
2316
2317
2318
2321
2322
2322
2323
2326
2327
2327
2328
2330
2331
2334
2334
2336
2338
2339
2339
2340
2340
2342
2343
2344
2345
2346
2346
2347
2347
2348
2350
2350
2352
2352
2353
2353
2354
2355
2358
2359
2361
2363
2365
2367
2368
2370
2370
2372
2372
2373
2375
2376
2376
2377
2377
2377
2377
2378
2378
2379
2379
2379
2383
2384
2385
2386
2388
2391
2392
2395
2395
2396
2396
2399
2399
2400
2400
2402
2402
2402
2404
2404
2405
2406
2406
2409
2409
2412
2413
2414
2415
2415
2415
2416
2416
2416
2416
2417
2419
2419
2421
2423
2423
2424
2426
2426
2427
2427
2427
2428
2431
2432
2434
2436
2438
2438
2438
2439
2439
2440
2440
2440
2443
2444
2445
2445
2445
2446
2450
2452
2452
2452
2454
2454
2454
2455
2456
2457
2457
2458
2461
2463
2465
2466
2467
2467
2468
2471
2471
2472
2473
2473
2475
2475
2475
2478
2478
2478
2479
2480
2481
2483
2483
2485
2485
2486
2488
2488
2493
2494
2494
2495
2495
2496
2497
2499
2499
2499
2500
2501
2502
2503
2504
2508
2511
2512
2513
2514
2514
2514
2516
2517
2521
2523
2524
2525
2525
2525
2526
2527
2529
2530
2531
2531
2532
2532
2533
2534
2534
2534
2537
2538
2539
2540
2542
2542
2543
2544
2546
2546
2546
2548
2548
2548
2549
2549
2551
2551
2552
2553
2553
2553
2554
2554
2555
2556
2556
2556
2558
2559
2561
2561
2561
2565
2565
2565
2565
2565
2566
2570
2570
2571
2572
2574
2575
2575
2576
2577
2578
2580
2580
2581
2582
2583
2583
2583
2585
2585
2588
2589
2589
2589
2591
2591
2593
2593
2594
2595
2596
2597
2598
2599
2600
2603
2603
2604
2604
2604
2605
2606
2606
2607
2608
2610
2610
2611
2612
2613
2614
2615
2616
2616
2617
2620
2620
2621
2622
2623
2625
2625
2625
2626
2626
2627
2627
2628
2628
2629
2631
2631
2633
2633
2634
2634
2635
2637
2637
2637
2638
2641
2641
2641
2642
2642
2643
2643
2644
2646
2646
2647
2647
2648
2648
2649
2649
2650
2650
2654
2656
2656
2659
2660
2661
2662
2663
2663
2664
2665
2667
2668
2669
2670
2672
2672
2674
2674
2675
2676
2676
2678
2678
2680
2681
2681
2683
2684
2686
2689
2692
2693
2695
2696
2697
2698
2698
2698
2699
2700
2701
2702
2702
2703
2705
2706
2706
2708
2708
2709
2710
2711
2711
2711
2714
2715
2715
2718
2719
2720
2722
2722
2722
2723
2724
2724
2725
2726
2728
2729
2729
2730
2732
2733
2733
2733
2734
2734
2737
2737
2738
2739
2740
2740
2741
2741
2743
2743
2743
2745
2750
2751
2752
2753
2754
2755
2755
2756
2757
2757
2758
2760
2762
2762
2766
2766
2767
2768
2769
2771
2772
2773
2773
2774
2776
2776
2776
2778
2778
2780
2780
2781
2784
2784
2785
2785
2788
2789
2790
2792
2793
2794
2797
2798
2798
2798
2802
2802
2802
2802
2803
2803
2803
2804
2806
2806
2807
2808
2810
2811
2813
2815
2816
2816
2817
2817
2818
2819
2822
2824
2825
2825
2827
2827
2828
2828
2828
2829
2829
2830
2832
2833
2833
2833
2834
2834
2836
2836
2837
2839
2839
2839
2840
2841
2845
2846
2846
2847
2848
2849
2851
2851
2852
2853
2853
2853
2854
2855
2857
2857
2861
2861
2861
2862
2863
2865
2868
2868
2869
2870
2872
2872
2872
2873
2874
2874
2875
2875
2878
2879
2879
2880
2881
2882
2882
2884
2884
2886
2888
2889
2889
2890
2890
2890
2891
2891
2893
2896
2897
2899
2901
2902
2902
2902
2902
2904
2904
2906
2907
2908
2909
2910
2911
2912
2913
2915
2915
2915
2916
2917
2918
2918
2918
2918
2921
2922
2922
2923
2925
2926
2927
2928
2928
2928
2928
2929
2930
2932
2935
2935
2935
2937
2937
2938
2939
2939
2940
2940
2940
2941
2942
2943
2946
2946
2947
2948
2951
2951
2951
2952
2953
2954
2954
2955
2956
2957
2960
2961
2961
2963
2963
2965
2966
2967
2969
2970
2970
2971
2971
2972
2972
2972
2975
2977
2979
2979
2980
2981
2981
2981
2982
2982
2983
2986
2986
2987
2987
2988
2989
2990
2993
2993
2996
2997
2998
2999
3000
3001
3002
3003
3005
3006
3007
3011
3011
3012
3013
3015
3016
3017
3018
3019
3020
3021
3023
3026
3026
3026
3027
3028
3029
3029
3030
3030
3031
3035
3035
3036
3037
3037
3038
3038
3043
3043
3045
3045
3047
3047
3049
3050
3050
3050
3050
3050
3050
3052
3053
3053
3053
3055
3056
3057
3057
3057
3060
3060
3060
3062
3063
3063
3063
3064
3064
3064
3068
3070
3070
3071
3071
3072
3072
3072
3073
3074
3074
3075
3077
3078
3079
3083
3087
3090
3090
3091
3094
3094
3094
3095
3095
3095
3096
3096
3098
3099
3104
3105
3105
3105
3107
3108
3109
3110
3110
3111
3112
3113
3115
3116
3116
3116
3117
3121
3122
3125
3125
3125
3126
3127
3127
3127
3128
3129
3129
3130
3131
3132
3132
3133
3136
3136
3136
3137
3138
3139
3139
3139
3140
3141
3141
3142
3143
3145
3146
3146
3148
3148
3149
3150
3155
3155
3156
3157
3157
3158
3158
3161
3161
3163
3164
3164
3170
3170
3171
3173
3173
3177
3177
3178
3180
3182
3183
3183
3186
3186
3187
3188
3188
3191
3191
3192
3193
3195
3195
3197
3201
3201
3201
3203
3205
3205
3207
3207
3210
3213
3213
3215
3216
3216
3216
3218
3223
3226
3227
3228
3228
3229
3231
3231
3231
3232
3232
3235
3236
3237
3238
3239
3240
3240
3242
3243
3243
3246
3249
3249
3250
3250
3250
3251
3251
3254
3255
3256
3259
3261
3262
3263
3265
3266
3268
3268
3270
3270
3273
3273
3275
3277
3278
3278
3278
3278
3278
3279
3280
3281
3281
3281
3282
3283
3283
3285
3285
3286
3286
3287
3287
3287
3288
3288
3290
3291
3294
3294
3297
3298
3298
3300
3302
3302
3303
3305
3306
3306
3307
3307
3308
3309
3310
3311
3311
3312
3314
3315
3316
3316
3317
3317
3318
3318
3319
3319
3320
3320
3321
3321
3322
3323
3323
3323
3324
3324
3325
3326
3326
3326
3327
3329
3330
3330
3332
3332
3333
3333
3334
3335
3336
3336
3336
3337
3338
3339
3339
3340
3341
3343
3344
3344
3344
3345
3346
3348
3350
3351
3353
3353
3354
3354
3355
3356
3356
3357
3357
3358
3358
3360
3360
3360
3360
3361
3361
3364
3365
3365
3366
3367
3368
3370
3371
3371
3372
3372
3374
3374
3374
3375
3377
3378
3378
3380
3380
3381
3381
3383
3383
3383
3384
3384
3384
3386
3387
3388
3388
3388
3391
3392
3393
3393
3394
3397
3399
3399
3401
3403
3404
3404
3405
3405
3406
3408
3408
3410
3413
3413
3414
3415
3416
3417
3418
3419
3419
3421
3422
3423
3424
3427
3429
3431
3431
3431
3432
3433
3435
3435
3437
3437
3438
3439
3440
3441
3441
3442
3442
3445
3445
3446
3447
3447
3450
3451
3451
3455
3456
3457
3457
3458
3460
3461
3462
3465
3466
3467
3470
3472
3473
3474
3475
3475
3476
3477
3477
3479
3479
3482
3483
3484
3484
3484
3485
3485
3487
3488
3490
3491
3492
3492
3495
3497
3499
3499
3501
3501
3502
3503
3506
3508
3509
3509
3509
3511
3511
3512
3513
3513
3513
3514
3515
3515
3517
3518
3519
3521
3521
3522
3522
3523
3524
3524
3524
3525
3530
3530
3531
3532
3533
3535
3535
3535
3537
3538
3538
3538
3539
3539
3539
3541
3541
3544
3545
3546
3547
3547
3551
3555
3556
3557
3557
3558
3559
3559
3559
3560
3560
3561
3562
3562
3562
3565
3565
3566
3568
3568
3569
3570
3572
3574
3578
3580
3583
3584
3584
3585
3586
3586
3586
3586
3588
3589
3590
3591
3594
3594
3594
3594
3597
3598
3600
3601
3602
3603
3603
3603
3604
3606
3606
3607
3607
3608
3609
3609
3609
3611
3612
3612
3614
3614
3617
3618
3621
3622
3623
3623
3626
3627
3630
3630
3631
3632
3632
3632
3634
3634
3635
3635
3638
3638
3638
3639
3639
3640
3642
3645
3645
3646
3647
3649
3649
3650
3650
3650
3651
3653
3653
3654
3655
3655
3658
3659
3660
3661
3661
3662
3662
3663
3665
3665
3667
3667
3668
3669
3671
3671
3671
3672
3672
3672
3673
3674
3674
3675
3675
3675
3677
3678
3679
3679
3679
3680
3682
3686
3688
3689
3690
3690
3691
3691
3692
3692
3692
3693
3695
3696
3697
3698
3698
3699
3700
3702
3703
3703
3704
3704
3705
3707
3708
3709
3709
3710
3711
3714
3715
3716
3719
3720
3724
3725
3727
3727
3727
3727
3727
3727
3732
3734
3734
3734
3735
3736
3736
3737
3738
3739
3740
3740
3742
3744
3745
3745
3747
3749
3749
3751
3751
3752
3752
3756
3758
3758
3759
3759
3759
3760
3760
3760
3761
3762
3763
3765
3767
3769
3770
3772
3774
3775
3775
3776
3776
3777
3778
3779
3779
3781
3783
3784
3788
3791
3793
3795
3796
3796
3797
3799
3799
3804
3805
3806
3806
3806
3809
3809
3810
3811
3812
3812
3813
3813
3814
3814
3814
3815
3815
3816
3817
3819
3819
3820
3820
3821
3822
3822
3823
3823
3824
3824
3827
3827
3831
3831
3832
3832
3832
3833
3836
3837
3839
3841
3843
3843
3847
3848
3850
3852
3853
3854
3854
3855
3855
3856
3857
3858
3858
3859
3860
3861
3862
3867
3867
3867
3867
3868
3869
3872
3873
3874
3876
3878
3879
3879
3879
3880
3880
3880
3881
3883
3884
3885
3888
3889
3890
3890
3892
3892
3893
3896
3896
3897
3897
3898
3898
3899
3900
3900
3900
3901
3901
3901
3901
3902
3905
3905
3905
3905
3907
3909
3911
3911
3913
3913
3916
3916
3919
3919
3920
3920
3920
3920
3922
3923
3923
3923
3924
3925
3925
3925
3926
3928
3928
3928
3929
3930
3931
3932
3933
3935
3936
3936
3938
3939
3939
3940
3941
3942
3943
3943
3945
3945
3946
3948
3948
3948
3948
3949
3950
3950
3951
3953
3954
3955
3955
3956
3956
3957
3957
3958
3959
3959
3960
3960
3961
3965
3967
3968
3973
3973
3975
3980
3980
3981
3981
3984
3985
3985
3987
3987
3988
3989
3991
3993
3994
3996
3996
3997
3998
3999
3999
3999
4000
4000
4000
4000
4001
4002
4003
4004
4008
4010
4012
4014
4015
4015
4017
4017
4019
4019
4020
4023
4023
4023
4024
4025
4025
4026
4026
4026
4026
4026
4026
4027
4027
4027
4029
4029
4030
4030
4031
4031
4033
4033
4037
4038
4039
4039
4041
4041
4042
4044
4045
4049
4049
4051
4052
4052
4052
4054
4054
4054
4054
4055
4056
4056
4057
4058
4058
4059
4059
4060
4062
4064
4064
4065
4065
4066
4068
4068
4069
4069
4069
4071
4071
4071
4073
4073
4076
4077
4078
4079
4079
4080
4080
4083
4084
4085
4088
4089
4089
4093
4093
4094
4094
4095
4096
4099
4100
4102
4102
4103
4103
4105
4105
4106
4106
4107
4108
4109
4110
4111
4111
4111
4112
4113
4115
4117
4120
4122
4122
4124
4124
4125
4125
4125
4127
4128
4130
4130
4131
4134
4136
4138
4139
4143
4144
4144
4147
4149
4149
4150
4151
4151
4152
4153
4153
4153
4154
4155
4155
4156
4156
4157
4158
4162
4162
4165
4166
4166
4167
4167
4168
4168
4169
4169
4172
4172
4174
4174
4175
4176
4178
4179
4183
4183
4184
4184
4187
4187
4191
4191
4191
4191
4196
4198
4201
4202
4203
4203
4203
4205
4206
4206
4207
4207
4208
4208
4210
4210
4211
4211
4216
4216
4217
4220
4220
4222
4223
4223
4225
4226
4228
4230
4231
4233
4234
4235
4235
4236
4236
4237
4238
4239
4240
4240
4242
4242
4243
4243
4243
4243
4244
4245
4245
4246
4247
4249
4250
4251
4251
4251
4253
4254
4255
4256
4257
4258
4258
4260
4262
4265
4266
4266
4267
4269
4269
4269
4270
4271
4272
4273
4274
4274
4275
4276
4277
4279
4280
4280
4281
4283
4283
4285
4288
4288
4288
4290
4291
4291
4293
4294
4295
4295
4296
4297
4300
4301
4302
4302
4302
4304
4304
4307
4307
4307
4310
4311
4312
4315
4317
4317
4317
4318
4320
4320
4321
4321
4322
4322
4323
4324
4325
4325
4327
4328
4328
4328
4328
4329
4330
4330
4331
4332
4332
4335
4335
4337
4337
4339
4341
4341
4342
4344
4344
4346
4347
4347
4347
4350
4352
4352
4353
4354
4355
4355
4356
4358
4359
4360
4360
4361
4361
4362
4362
4363
4364
4364
4366
4366
4367
4368
4368
4370
4373
4374
4374
4375
4377
4378
4379
4380
4381
4382
4383
4388
4388
4389
4390
4390
4391
4392
4393
4394
4394
4395
4397
4397
4398
4399
4399
4400
4400
4401
4401
4403
4403
4404
4404
4407
4408
4408
4409
4409
4409
4410
4412
4416
4417
4417
4418
4419
4420
4420
4420
4420
4421
4423
4424
4426
4434
4438
4438
4440
4440
4440
4441
4443
4444
4445
4446
4446
4447
4449
4449
4449
4449
4449
4453
4454
4455
4456
4458
4460
4462
4463
4463
4463
4465
4465
4466
4467
4468
4471
4474
4474
4476
4478
4478
4478
4479
4480
4481
4482
4486
4488
4489
4492
4494
4494
4495
4498
4500
4501
4502
4503
4504
4505
4505
4506
4506
4506
4507
4509
4510
4511
4511
4513
4514
4515
4516
4518
4518
4519
4522
4524
4524
4525
4525
4526
4527
4528
4528
4528
4531
4534
4535
4536
4537
4538
4540
4540
4540
4541
4542
4544
4545
4546
4547
4547
4550
4551
4553
4553
4555
4557
4557
4558
4558
4559
4561
4562
4563
4563
4564
4564
4565
4566
4566
4568
4569
4570
4571
4571
4572
4572
4572
4573
4577
4577
4578
4580
4580
4580
4580
4581
4582
4582
4582
4582
4583
4585
4585
4587
4588
4588
4589
4589
4590
4591
4593
4595
4595
4595
4598
4599
4601
4601
4601
4602
4603
4604
4605
4606
4607
4608
4608
4608
4610
4610
4611
4612
4613
4613
4613
4614
4614
4618
4619
4621
4621
4622
4622
4622
4623
4624
4624
4625
4625
4625
4625
4627
4628
4628
4629
4630
4631
4633
4634
4634
4636
4637
4638
4638
4638
4638
4643
4643
4644
4646
4646
4647
4647
4648
4650
4650
4651
4651
4652
4653
4653
4654
4654
4655
4655
4655
4657
4658
4662
4663
4663
4665
4665
4666
4667
4669
4671
4672
4672
4673
4674
4675
4676
4679
4681
4681
4681
4682
4683
4683
4683
4684
4684
4685
4685
4685
4685
4686
4686
4687
4688
4689
4690
4691
4692
4692
4693
4693
4694
4694
4694
4697
4698
4702
4702
4704
4705
4712
4713
4714
4714
4715
4715
4715
4715
4715
4716
4717
4719
4721
4721
4722
4722
4724
4724
4726
4726
4727
4727
4727
4727
4728
4728
4728
4730
4730
4731
4733
4733
4733
4733
4734
4737
4738
4739
4739
4742
4742
4745
4745
4747
4747
4748
4748
4749
4750
4752
4753
4754
4755
4756
4758
4758
4758
4760
4761
4761
4762
4763
4763
4764
4767
4769
4770
4770
4772
4772
4772
4772
4774
4774
4776
4776
4776
4781
4781
4782
4783
4785
4786
4786
4787
4788
4793
4793
4793
4794
4795
4799
4800
4801
4802
4804
4805
4805
4807
4807
4808
4811
4813
4816
4817
4821
4822
4822
4822
4823
4824
4824
4825
4825
4825
4825
4827
4827
4828
4828
4829
4829
4830
4830
4831
4832
4832
4833
4834
4836
4836
4838
4838
4839
4840
4840
4841
4843
4844
4844
4844
4845
4845
4845
4846
4847
4847
4850
4850
4851
4851
4852
4852
4854
4855
4855
4856
4857
4859
4859
4860
4861
4861
4861
4861
4863
4864
4864
4866
4866
4868
4869
4870
4871
4871
4871
4872
4872
4873
4874
4876
4878
4878
4879
4880
4880
4880
4882
4883
4884
4885
4885
4886
4887
4888
4888
4889
4890
4890
4890
4891
4891
4895
4896
4896
4896
4896
4902
4902
4902
4904
4905
4905
4906
4906
4907
4908
4909
4910
4911
4913
4914
4915
4916
4918
4920
4920
4920
4921
4922
4923
4923
4924
4927
4928
4928
4929
4932
4932
4933
4934
4936
4936
4936
4937
4938
4938
4943
4943
4944
4944
4945
4947
4947
4950
4951
4953
4954
4955
4955
4956
4956
4957
4958
4959
4959
4960
4960
4961
4962
4962
4963
4963
4964
4966
4966
4967
4969
4970
4971
4972
4973
4974
4974
4974
4974
4976
4977
4978
4979
4979
4982
4982
4982
4985
4988
4988
4989
4991
4993
4994
4995
4995
4997
4999
4999
4999
5001
5001
5003
5004
5005
5008
5010
5010
5013
5016
5016
5016
5017
5018
5018
5020
5021
5021
5021
5022
5022
5022
5024
5024
5027
5029
5029
5030
5031
5032
5033
5034
5035
5035
5035
5035
5036
5038
5038
5038
5041
5041
5042
5042
5044
5046
5048
5048
5056
5056
5059
5060
5063
5065
5065
5066
5066
5067
5069
5070
5072
5073
5075
5076
5076
5076
5077
5077
5078
5080
5081
5083
5084
5085
5087
5087
5087
5088
5089
5089
5090
5090
5090
5090
5091
5091
5091
5092
5094
5094
5095
5097
5100
5102
5103
5103
5103
5103
5113
5115
5118
5120
5120
5122
5123
5124
5124
5128
5129
5129
5133
5134
5134
5136
5136
5138
5138
5139
5139
5139
5140
5143
5143
5146
5147
5147
5149
5150
5150
5151
5151
5152
5157
5158
5159
5161
5162
5162
5163
5164
5165
5165
5166
5167
5167
5167
5168
5172
5174
5174
5176
5176
5177
5177
5177
5178
5179
5179
5180
5181
5183
5184
5184
5185
5188
5189
5191
5191
5191
5192
5194
5194
5195
5197
5198
5199
5200
5201
5201
5202
5203
5205
5205
5206
5208
5208
5208
5209
5210
5210
5210
5210
5210
5211
5212
5213
5213
5214
5214
5215
5215
5217
5218
5219
5221
5222
5222
5222
5223
5225
5225
5227
5227
5227
5228
5231
5232
5234
5235
5237
5240
5240
5240
5242
5242
5244
5245
5247
5247
5247
5247
5248
5248
5253
5254
5254
5255
5255
5256
5256
5258
5258
5260
5260
5261
5261
5261
5263
5264
5267
5270
5273
5273
5274
5274
5275
5276
5276
5278
5279
5279
5279
5280
5281
5282
5282
5284
5286
5286
5286
5287
5288
5288
5288
5289
5291
5293
5293
5293
5294
5294
5296
5296
5297
5299
5299
5302
5302
5302
5303
5303
5305
5305
5306
5306
5306
5306
5306
5308
5310
5310
5311
5314
5314
5314
5315
5315
5316
5320
5320
5320
5321
5322
5325
5325
5328
5329
5329
5332
5332
5332
5333
5334
5335
5336
5337
5339
5340
5340
5341
5342
5343
5344
5345
5345
5348
5349
5349
5351
5352
5352
5353
5353
5353
5354
5356
5357
5357
5358
5360
5363
5364
5364
5364
5364
5365
5365
5368
5370
5372
5374
5374
5374
5375
5375
5375
5377
5377
5378
5379
5379
5380
5381
5383
5384
5384
5387
5388
5388
5389
5390
5390
5391
5392
5392
5394
5396
5396
5397
5399
5400
5401
5402
5404
5405
5406
5406
5407
5407
5407
5408
5409
5412
5414
5415
5417
5418
5419
5420
5421
5421
5424
5426
5428
5431
5433
5434
5435
5436
5437
5439
5442
5442
5443
5443
5446
5448
5449
5450
5451
5451
5451
5452
5454
5455
5456
5459
5460
5461
5462
5463
5464
5465
5465
5468
5469
5471
5472
5472
5472
5473
5474
5475
5475
5475
5475
5480
5481
5482
5482
5486
5487
5488
5488
5490
5491
5492
5492
5493
5494
5495
5497
5498
5499
5499
5501
5502
5503
5504
5504
5505
5506
5507
5507
5509
5510
5511
5511
5511
5512
5513
5514
5515
5517
5518
5521
5523
5523
5524
5524
5527
5529
5530
5531
5533
5535
5536
5537
5537
5538
5540
5541
5543
5543
5543
5544
5544
5545
5545
5545
5546
5546
5547
5548
5552
5552
5553
5558
5560
5564
5565
5565
5567
5569
5570
5571
5571
5572
5572
5574
5575
5577
5578
5580
5580
5581
5581
5582
5585
5585
5585
5586
5586
5588
5589
5589
5590
5595
5595
5596
5597
5598
5600
5603
5604
5604
5605
5605
5605
5606
5606
5611
5612
5613
5614
5614
5614
5614
5615
5616
5616
5616
5620
5621
5621
5621
5622
5622
5625
5627
5628
5629
5629
5629
5630
5632
5632
5633
5634
5635
5636
5636
5637
5637
5638
5639
5641
5641
5641
5641
5646
5646
5647
5647
5647
5648
5649
5649
5652
5652
5653
5654
5654
5656
5656
5658
5661
5661
5664
5664
5665
5665
5667
5669
5669
5670
5670
5671
5671
5673
5673
5673
5675
5677
5680
5682
5684
5685
5686
5689
5691
5691
5692
5692
5692
5693
5695
5696
5696
5696
5697
5697
5699
5699
5700
5702
5702
5703
5705
5705
5706
5707
5707
5709
5710
5713
5716
5717
5718
5719
5720
5722
5722
5722
5725
5726
5727
5729
5729
5730
5730
5731
5731
5732
5733
5733
5733
5735
5737
5738
5741
5742
5742
5743
5745
5745
5745
5746
5748
5748
5748
5749
5749
5749
5751
5752
5752
5752
5754
5754
5756
5756
5758
5760
5760
5762
5762
5764
5764
5765
5766
5767
5770
5771
5771
5772
5774
5774
5777
5778
5778
5779
5780
5781
5781
5782
5782
5783
5784
5785
5785
5786
5787
5787
5787
5789
5790
5790
5792
5793
5795
5795
5795
5796
5796
5799
5799
5800
5800
5800
5800
5805
5807
5807
5809
5809
5810
5811
5811
5811
5811
5812
5813
5813
5815
5815
5816
5817
5817
5817
5818
5819
5820
5820
5820
5821
5821
5821
5822
5822
5827
5827
5829
5833
5833
5834
5835
5836
5839
5842
5842
5843
5845
5846
5847
5848
5848
5849
5850
5850
5850
5851
5853
5853
5854
5854
5855
5855
5856
5856
5857
5858
5858
5860
5860
5862
5863
5863
5864
5865
5866
5866
5867
5868
5869
5872
5874
5875
5876
5876
5878
5880
5881
5881
5881
5882
5885
5886
5891
5891
5892
5893
5893
5894
5896
5897
5897
5897
5897
5898
5898
5898
5898
5898
5899
5900
5900
5900
5903
5905
5905
5906
5906
5907
5907
5907
5908
5908
5910
5911
5911
5913
5913
5914
5914
5915
5916
5917
5917
5918
5918
5919
5921
5921
5921
5921
5922
5924
5926
5926
5927
5927
5927
5928
5929
5930
5930
5934
5935
5938
5939
5942
5944
5944
5945
5946
5947
5949
5951
5951
5952
5952
5952
5952
5953
5953
5954
5954
5955
5956
5956
5957
5958
5958
5958
5962
5969
5969
5969
5970
5971
5972
5972
5972
5972
5974
5974
5974
5976
5977
5977
5978
5979
5979
5979
5980
5981
5981
5981
5982
5982
5986
5989
5989
5990
5991
5993
5995
5997
5997
5998
6000
6000
6001
6002
6003
6004
6005
6007
6007
6008
6014
6015
6016
6017
6019
6019
6021
6021
6022
6023
6024
6025
6026
6027
6029
6029
6029
6030
6030
6031
6032
6034
6034
6034
6035
6036
6036
6037
6038
6039
6040
6040
6041
6041
6042
6042
6043
6043
6045
6045
6046
6047
6047
6048
6049
6051
6052
6053
6053
6054
6055
6056
6059
6060
6061
6062
6063
6064
6064
6064
6067
6069
6069
6069
6074
6074
6075
6076
6078
6078
6078
6078
6079
6079
6080
6080
6083
6083
6088
6089
6092
6092
6094
6094
6094
6098
6098
6098
6099
6100
6103
6104
6107
6107
6107
6108
6108
6110
6111
6112
6113
6113
6114
6115
6116
6116
6116
6117
6118
6120
6120
6122
6122
6124
6124
6124
6128
6128
6129
6129
6130
6132
6133
6133
6133
6135
6135
6135
6136
6139
6140
6142
6143
6143
6143
6146
6146
6147
6148
6149
6151
6152
6153
6154
6155
6162
6162
6163
6163
6166
6167
6169
6169
6169
6171
6172
6172
6173
6173
6174
6175
6175
6175
6176
6177
6178
6179
6179
6181
6181
6183
6183
6184
6187
6187
6187
6188
6188
6188
6193
6194
6196
6197
6197
6197
6198
6200
6201
6201
6202
6203
6203
6205
6207
6208
6209
6210
6210
6210
6211
6212
6215
6216
6217
6217
6218
6218
6218
6221
6222
6224
6224
6225
6225
6225
6229
6230
6232
6234
6235
6235
6236
6237
6237
6238
6238
6240
6241
6242
6242
6243
6244
6245
6246
6246
6246
6246
6250
6252
6253
6257
6257
6258
6258
6258
6258
6259
6259
6259
6261
6264
6264
6264
6264
6265
6267
6268
6269
6269
6270
6275
6277
6278
6279
6280
6281
6283
6284
6284
6284
6284
6289
6289
6289
6291
6294
6294
6295
6295
6298
6300
6301
6303
6303
6304
6306
6308
6309
6310
6310
6311
6312
6313
6314
6318
6318
6319
6322
6322
6325
6325
6326
6327
6329
6334
6334
6335
6335
6335
6335
6336
6336
6337
6340
6340
6341
6342
6343
6343
6348
6349
6350
6350
6351
6351
6351
6352
6353
6355
6357
6358
6359
6360
6361
6362
6363
6364
6364
6364
6365
6367
6368
6368
6369
6369
6370
6371
6371
6373
6374
6381
6381
6382
6384
6385
6386
6389
6390
6390
6390
6392
6393
6394
6395
6395
6396
6397
6397
6397
6397
6398
6398
6398
6399
6401
6402
6402
6403
6404
6404
6404
6404
6405
6406
6409
6410
6411
6411
6414
6414
6414
6415
6416
6416
6416
6420
6421
6421
6422
6422
6422
6426
6426
6428
6429
6429
6429
6430
6430
6432
6432
6433
6435
6439
6441
6442
6442
6442
6444
6445
6445
6445
6446
6446
6447
6448
6448
6452
6454
6456
6458
6458
6458
6461
6461
6463
6466
6468
6469
6469
6470
6470
6471
6473
6474
6474
6475
6476
6478
6480
6480
6480
6481
6483
6484
6489
6489
6489
6492
6492
6492
6494
6495
6496
6497
6497
6498
6500
6502
6502
6503
6504
6505
6505
6506
6507
6507
6508
6508
6509
6511
6512
6512
6513
6516
6516
6516
6517
6517
6518
6519
6521
6522
6523
6523
6525
6525
6525
6525
6526
6528
6528
6529
6529
6529
6530
6531
6531
6531
6532
6532
6533
6536
6537
6538
6538
6539
6540
6541
6541
6541
6542
6545
6546
6548
6548
6548
6549
6549
6549
6549
6550
6551
6553
6553
6554
6558
6560
6562
6562
6563
6563
6563
6567
6567
6567
6567
6567
6568
6569
6569
6570
6571
6572
6573
6573
6574
6574
6578
6580
6581
6581
6582
6582
6583
6584
6584
6589
6592
6593
6594
6595
6595
6596
6596
6598
6598
6600
6601
6603
6604
6604
6607
6608
6608
6609
6612
6612
6613
6613
6613
6614
6615
6619
6620
6620
6620
6621
6621
6622
6622
6623
6627
6627
6630
6630
6631
6631
6631
6634
6635
6635
6636
6638
6639
6639
6641
6641
6642
6644
6644
6644
6647
6648
6649
6651
6652
6652
6652
6655
6656
6656
6657
6658
6660
6663
6663
6664
6665
6667
6667
6668
6669
6669
6671
6671
6672
6672
6673
6673
6675
6676
6677
6677
6679
6679
6679
6680
6680
6681
6681
6683
6683
6684
6685
6686
6687
6687
6689
6689
6690
6691
6691
6692
6692
6694
6694
6696
6697
6700
6700
6701
6701
6701
6702
6702
6703
6704
6705
6705
6706
6706
6707
6708
6708
6709
6710
6710
6712
6713
6716
6717
6717
6718
6719
6721
6721
6723
6723
6724
6725
6725
6725
6727
6727
6727
6728
6728
6728
6730
6730
6730
6732
6732
6733
6738
6739
6739
6740
6741
6742
6742
6745
6745
6747
6750
6754
6754
6755
6755
6756
6759
6760
6761
6765
6765
6765
6766
6766
6769
6769
6771
6771
6772
6773
6774
6775
6776
6776
6777
6779
6780
6781
6781
6782
6783
6789
6789
6789
6789
6790
6791
6791
6791
6791
6792
6794
6795
6796
6797
6797
6797
6799
6799
6799
6801
6801
6802
6802
6804
6804
6805
6805
6805
6806
6806
6806
6807
6808
6809
6809
6810
6811
6811
6812
6814
6815
6816
6816
6817
6817
6819
6820
6820
6821
6822
6822
6823
6823
6826
6828
6828
6828
6829
6830
6830
6832
6833
6836
6836
6839
6839
6840
6842
6842
6842
6842
6843
6843
6844
6845
6845
6846
6846
6847
6847
6851
6852
6854
6854
6854
6856
6858
6858
6859
6859
6859
6860
6861
6861
6862
6863
6863
6863
6865
6865
6866
6866
6869
6869
6870
6871
6871
6874
6876
6876
6876
6877
6877
6878
6878
6878
6880
6881
6881
6881
6883
6884
6884
6886
6886
6886
6886
6887
6888
6888
6890
6891
6893
6894
6896
6896
6897
6898
6900
6900
6902
6902
6904
6907
6907
6907
6907
6908
6908
6910
6911
6912
6912
6914
6914
6915
6915
6916
6917
6918
6919
6920
6920
6922
6923
6924
6926
6926
6926
6926
6927
6928
6928
6931
6932
6933
6934
6935
6936
6937
6938
6938
6938
6938
6940
6940
6941
6941
6942
6942
6942
6942
6943
6943
6943
6945
6946
6947
6947
6949
6950
6951
6952
6954
6956
6957
6957
6958
6958
6959
6960
6960
6962
6964
6967
6967
6967
6968
6969
6972
6973
6973
6973
6974
6975
6977
6978
6978
6979
6981
6981
6982
6983
6984
6985
6985
6985
6986
6986
6988
6989
6990
6995
6997
6998
7002
7003
7004
7004
7005
7007
7007
7008
7010
7011
7012
7013
7014
7014
7016
7016
7018
7020
7022
7024
7024
7025
7025
7026
7026
7026
7027
7030
7030
7031
7032
7032
7033
7033
7034
7036
7036
7037
7037
7037
7038
7039
7041
7042
7043
7043
7044
7044
7044
7045
7046
7048
7050
7054
7054
7056
7056
7057
7057
7059
7059
7061
7062
7064
7067
7067
7067
7069
7070
7072
7074
7077
7078
7078
7078
7079
7079
7081
7081
7082
7082
7084
7084
7087
7087
7088
7089
7092
7093
7094
7095
7095
7096
7096
7097
7098
7098
7100
7101
7102
7103
7104
7104
7105
7106
7107
7108
7110
7111
7112
7113
7114
7117
7118
7120
7120
7121
7122
7122
7123
7124
7126
7127
7129
7130
7130
7131
7132
7133
7134
7135
7135
7135
7137
7140
7140
7140
7145
7147
7150
7150
7150
7151
7152
7154
7154
7154
7155
7155
7156
7157
7157
7157
7158
7158
7158
7161
7162
7162
7163
7164
7164
7164
7166
7168
7172
7173
7174
7175
7175
7176
7177
7178
7178
7178
7179
7180
7182
7182
7183
7183
7186
7186
7187
7187
7189
7189
7190
7190
7191
7191
7192
7194
7196
7196
7197
7202
7203
7204
7204
7205
7208
7210
7210
7211
7211
7212
7212
7212
7213
7213
7214
7215
7217
7217
7217
7218
7218
7220
7224
7224
7226
7229
7232
7233
7233
7235
7236
7237
7238
7238
7239
7240
7242
7242
7243
7247
7248
7248
7248
7248
7251
7252
7253
7253
7255
7255
7255
7255
7257
7258
7260
7264
7264
7266
7266
7266
7268
7269
7270
7273
7274
7274
7276
7277
7279
7280
7281
7281
7281
7282
7282
7283
7284
7284
7285
7286
7287
7288
7290
7294
7294
7295
7295
7295
7296
7297
7299
7301
7302
7304
7305
7305
7306
7306
7307
7308
7309
7310
7311
7311
7313
7313
7314
7314
7317
7318
7322
7323
7323
7323
7324
7324
7326
7326
7327
7327
7327
7328
7328
7330
7331
7331
7331
7331
7331
7332
7332
7334
7336
7339
7339
7340
7341
7342
7343
7343
7344
7344
7345
7345
7346
7348
7349
7350
7351
7354
7354
7355
7357
7358
7359
7360
7360
7361
7364
7365
7365
7367
7367
7367
7369
7370
7370
7370
7372
7372
7374
7375
7375
7375
7377
7378
7379
7381
7381
7383
7383
7384
7384
7385
7386
7387
7387
7387
7387
7388
7390
7390
7390
7392
7393
7395
7395
7396
7397
7397
7398
7398
7398
7399
7401
7403
7404
7405
7406
7406
7407
7408
7408
7411
7411
7413
7414
7414
7415
7415
7415
7415
7416
7416
7416
7417
7417
7419
7419
7421
7421
7423
7423
7424
7424
7425
7425
7430
7430
7431
7432
7433
7434
7435
7436
7439
7440
7441
7442
7443
7444
7445
7445
7445
7446
7446
7447
7447
7448
7449
7449
7452
7453
7456
7457
7458
7458
7459
7461
7463
7464
7465
7466
7467
7467
7468
7470
7470
7471
7472
7473
7473
7477
7478
7479
7480
7480
7481
7482
7482
7482
7483
7483
7484
7485
7485
7485
7486
7487
7488
7488
7488
7489
7492
7494
7494
7495
7496
7498
7499
7502
7502
7504
7508
7509
7509
7510
7514
7514
7515
7517
7518
7520
7520
7521
7521
7523
7525
7526
7526
7529
7532
7532
7532
7534
7535
7535
7536
7537
7541
7542
7544
7545
7545
7548
7548
7549
7550
7550
7550
7553
7555
7555
7558
7560
7560
7563
7564
7564
7564
7565
7565
7565
7565
7566
7566
7567
7568
7568
7569
7569
7569
7571
7571
7575
7576
7576
7578
7580
7580
7581
7581
7581
7582
7582
7583
7584
7584
7584
7585
7587
7589
7591
7593
7593
7594
7595
7595
7595
7598
7603
7604
7605
7606
7606
7607
7607
7607
7607
7608
7609
7611
7612
7613
7615
7616
7617
7619
7620
7620
7620
7621
7621
7622
7623
7623
7624
7624
7625
7626
7628
7630
7632
7633
7634
7635
7636
7637
7637
7643
7643
7644
7644
7645
7646
7647
7649
7649
7649
7650
7650
7650
7651
7651
7651
7652
7653
7656
7656
7657
7657
7657
7658
7658
7658
7659
7659
7661
7664
7664
7666
7667
7669
7672
7673
7673
7674
7674
7675
7676
7676
7678
7678
7680
7680
7682
7682
7683
7683
7683
7683
7684
7684
7685
7686
7690
7691
7691
7692
7694
7694
7695
7696
7698
7698
7699
7699
7700
7700
7700
7700
7701
7701
7701
7702
7702
7703
7703
7703
7706
7706
7707
7708
7708
7711
7712
7712
7714
7715
7715
7716
7716
7716
7719
7720
7721
7723
7724
7726
7726
7729
7729
7729
7732
7733
7734
7735
7738
7738
7739
7739
7740
7740
7742
7746
7746
7747
7748
7751
7751
7752
7752
7752
7753
7754
7754
7754
7758
7758
7760
7760
7761
7763
7764
7765
7767
7768
7769
7769
7771
7772
7773
7775
7775
7778
7779
7780
7780
7781
7782
7782
7784
7785
7785
7786
7788
7789
7789
7790
7790
7791
7791
7793
7795
7795
7796
7797
7797
7797
7798
7800
7804
7804
7805
7805
7806
7806
7806
7806
7808
7808
7809
7810
7811
7812
7813
7813
7814
7815
7816
7819
7819
7822
7825
7828
7833
7833
7833
7833
7836
7836
7836
7837
7837
7838
7838
7838
7840
7840
7841
7842
7843
7844
7845
7846
7847
7847
7851
7854
7856
7857
7857
7857
7859
7860
7860
7860
7862
7863
7863
7864
7865
7866
7871
7871
7873
7873
7874
7875
7876
7876
7876
7877
7878
7878
7878
7879
7880
7880
7880
7882
7883
7883
7883
7884
7884
7885
7886
7886
7890
7891
7891
7892
7892
7893
7893
7894
7894
7894
7896
7898
7899
7900
7901
7903
7904
7905
7906
7906
7907
7907
7907
7908
7908
7909
7911
7911
7911
7913
7915
7915
7916
7916
7916
7917
7918
7919
7920
7921
7922
7924
7924
7924
7924
7925
7926
7926
7927
7928
7928
7928
7929
7931
7932
7932
7934
7935
7935
7935
7935
7935
7936
7940
7943
7944
7944
7945
7945
7946
7946
7947
7948
7949
7952
7954
7955
7955
7956
7958
7958
7958
7962
7962
7962
7963
7963
7965
7966
7966
7967
7971
7971
7972
7973
7974
7974
7975
7975
7976
7978
7981
7982
7982
7982
7984
7985
7986
7987
7987
7988
7990
7992
7992
7993
7993
7993
7993
7995
7999
8001
8001
8002
8002
8003
8003
8004
8005
8009
8010
8012
8012
8012
8013
8013
8014
8017
8017
8020
8020
8021
8026
8028
8029
8029
8030
8030
8032
8033
8033
8034
8035
8035
8036
8039
8039
8039
8039
8041
8044
8044
8045
8049
8051
8052
8052
8054
8054
8055
8055
8055
8058
8059
8060
8060
8060
8062
8062
8063
8064
8064
8069
8069
8069
8069
8071
8072
8074
8074
8076
8079
8083
8083
8084
8086
8090
8091
8091
8092
8092
8092
8094
8094
8095
8096
8098
8098
8099
8100
8100
8102
8105
8105
8105
8107
8108
8111
8114
8116
8116
8117
8117
8118
8119
8120
8120
8121
8122
8122
8122
8127
8129
8129
8130
8131
8131
8132
8133
8135
8138
8138
8139
8139
8140
8140
8141
8142
8144
8147
8147
8148
8153
8153
8154
8154
8154
8156
8157
8157
8159
8160
8160
8160
8160
8161
8162
8163
8163
8163
8164
8164
8167
8168
8168
8169
8170
8170
8171
8174
8175
8175
8176
8177
8180
8180
8180
8181
8181
8182
8182
8183
8184
8184
8185
8185
8186
8186
8186
8186
8186
8187
8187
8188
8192
8192
8192
8193
8195
8195
8196
8197
8199
8199
8201
8202
8202
8203
8206
8207
8207
8210
8212
8213
8214
8215
8217
8217
8222
8222
8222
8222
8222
8223
8223
8224
8226
8228
8229
8230
8231
8232
8232
8233
8235
8235
8236
8238
8238
8238
8240
8240
8242
8243
8243
8243
8245
8246
8246
8249
8250
8251
8253
8253
8253
8254
8255
8255
8258
8260
8264
8265
8268
8271
8272
8272
8274
8277
8280
8280
8281
8282
8282
8283
8284
8284
8284
8284
8285
8288
8288
8289
8290
8291
8292
8293
8294
8294
8296
8298
8302
8302
8302
8305
8305
8306
8306
8308
8309
8310
8310
8312
8312
8313
8316
8321
8321
8323
8325
8326
8328
8328
8329
8332
8333
8333
8333
8339
8340
8340
8340
8341
8343
8345
8345
8345
8346
8348
8349
8350
8350
8351
8353
8356
8356
8357
8359
8359
8363
8364
8367
8367
8367
8370
8371
8372
8372
8373
8374
8374
8375
8376
8376
8379
8380
8384
8387
8390
8394
8394
8395
8396
8396
8396
8397
8397
8398
8399
8400
8401
8402
8403
8403
8405
8407
8407
8409
8409
8412
8412
8413
8414
8414
8415
8416
8417
8417
8418
8419
8420
8420
8422
8423
8423
8424
8425
8426
8427
8431
8432
8432
8435
8435
8435
8435
8436
8436
8438
8439
8440
8441
8442
8443
8444
8444
8446
8448
8448
8449
8451
8452
8452
8452
8453
8453
8454
8454
8459
8460
8461
8461
8461
8462
8462
8462
8463
8465
8466
8467
8468
8469
8469
8471
8472
8473
8473
8474
8475
8476
8476
8478
8478
8479
8479
8480
8482
8484
8487
8490
8492
8492
8493
8493
8495
8496
8496
8499
8500
8505
8506
8506
8507
8509
8511
8511
8513
8514
8516
8518
8518
8519
8519
8520
8521
8524
8525
8525
8526
8528
8529
8529
8530
8530
8531
8531
8532
8533
8534
8534
8535
8535
8536
8536
8537
8537
8537
8537
8538
8538
8540
8542
8543
8545
8546
8546
8547
8547
8548
8550
8551
8551
8552
8554
8554
8554
8557
8558
8559
8559
8559
8560
8565
8567
8567
8568
8568
8569
8572
8572
8573
8575
8577
8580
8580
8582
8584
8585
8586
8587
8587
8589
8590
8590
8591
8591
8591
8592
8592
8593
8594
8599
8600
8600
8601
8602
8602
8602
8602
8602
8603
8603
8603
8604
8605
8605
8606
8607
8608
8608
8609
8609
8609
8610
8611
8612
8613
8613
8613
8614
8616
8616
8616
8616
8616
8618
8619
8620
8620
8621
8622
8623
8623
8624
8625
8625
8626
8629
8631
8631
8636
8636
8638
8638
8638
8638
8640
8640
8642
8642
8643
8643
8644
8644
8645
8646
8647
8647
8650
8651
8651
8652
8652
8653
8653
8656
8656
8657
8657
8658
8658
8659
8660
8660
8662
8663
8663
8663
8667
8668
8668
8670
8671
8672
8674
8674
8675
8677
8678
8679
8681
8682
8683
8683
8684
8685
8686
8688
8688
8688
8688
8689
8690
8690
8690
8691
8695
8695
8696
8696
8698
8698
8698
8702
8703
8703
8706
8706
8707
8708
8708
8708
8709
8709
8709
8710
8711
8712
8713
8713
8714
8714
8715
8715
8716
8719
8719
8721
8721
8723
8724
8726
8727
8727
8728
8729
8729
8729
8730
8730
8731
8733
8736
8736
8736
8741
8741
8741
8744
8744
8744
8744
8746
8746
8748
8749
8750
8751
8752
8755
8756
8756
8756
8758
8758
8760
8760
8764
8765
8766
8766
8769
8769
8769
8770
8772
8773
8776
8777
8778
8781
8781
8781
8784
8784
8784
8787
8787
8787
8788
8789
8790
8791
8792
8793
8793
8794
8794
8795
8795
8796
8796
8797
8799
8800
8800
8802
8804
8805
8805
8805
8806
8806
8806
8807
8808
8809
8811
8812
8813
8813
8814
8816
8816
8817
8817
8818
8819
8820
8820
8820
8821
8821
8822
8822
8822
8822
8823
8825
8826
8827
8828
8828
8829
8829
8830
8830
8831
8832
8832
8832
8835
8835
8838
8840
8843
8844
8844
8844
8845
8845
8846
8846
8849
8853
8857
8858
8859
8860
8860
8862
8862
8863
8863
8863
8864
8864
8867
8868
8870
8871
8872
8874
8875
8882
8885
8886
8890
8890
8890
8892
8892
8892
8893
8893
8893
8894
8894
8895
8898
8898
8898
8900
8902
8903
8904
8905
8905
8906
8907
8907
8909
8909
8910
8910
8911
8912
8915
8916
8919
8919
8920
8922
8922
8923
8924
8926
8926
8928
8928
8929
8929
8931
8932
8932
8933
8933
8934
8936
8937
8937
8937
8938
8938
8938
8942
8945
8946
8948
8949
8949
8950
8950
8952
8955
8956
8957
8958
8958
8958
8958
8959
8963
8963
8964
8965
8966
8966
8967
8967
8967
8970
8971
8971
8972
8972
8974
8974
8974
8976
8977
8980
8982
8983
8983
8983
8984
8984
8984
8986
8987
8987
8987
8987
8987
8987
8989
8989
8993
8997
8997
8998
8998
8999
8999
8999
8999
9000
9000
9000
9001
9003
9004
9005
9006
9007
9008
9009
9009
9010
9010
9012
9013
9013
9015
9017
9018
9019
9019
9020
9023
9024
9024
9025
9026
9027
9030
9031
9031
9032
9032
9033
9033
9034
9036
9038
9039
9039
9039
9042
9045
9045
9045
9046
9050
9050
9051
9052
9054
9055
9055
9056
9056
9057
9059
9060
9060
9060
9063
9065
9065
9067
9067
9069
9069
9070
9073
9074
9074
9075
9075
9076
9076
9077
9077
9077
9079
9079
9081
9082
9082
9083
9090
9091
9097
9098
9100
9100
9100
9100
9101
9103
9103
9106
9108
9108
9108
9109
9111
9113
9117
9117
9119
9119
9120
9121
9122
9124
9125
9125
9126
9127
9128
9132
9134
9135
9135
9136
9137
9137
9138
9138
9139
9139
9139
9140
9141
9141
9143
9144
9145
9146
9147
9148
9148
9150
9152
9153
9154
9155
9156
9157
9157
9159
9159
9159
9159
9159
9161
9162
9162
9163
9164
9164
9165
9165
9165
9167
9167
9168
9168
9178
9179
9179
9179
9179
9182
9182
9184
9184
9185
9186
9187
9187
9188
9188
9191
9191
9192
9195
9195
9195
9197
9198
9199
9201
9202
9202
9204
9206
9207
9208
9210
9212
9212
9212
9213
9213
9214
9216
9217
9217
9220
9220
9221
9222
9222
9224
9224
9226
9226
9226
9227
9229
9230
9230
9230
9230
9231
9232
9236
9236
9238
9240
9240
9242
9249
9251
9252
9252
9252
9255
9255
9257
9258
9258
9258
9259
9260
9261
9262
9262
9263
9266
9267
9268
9269
9270
9270
9270
9272
9272
9274
9274
9275
9277
9278
9278
9278
9278
9279
9280
9281
9281
9285
9288
9288
9288
9288
9290
9293
9293
9294
9294
9295
9296
9296
9296
9298
9300
9300
9301
9302
9302
9303
9304
9308
9308
9309
9310
9312
9314
9314
9317
9320
9321
9323
9323
9323
9324
9324
9324
9325
9325
9326
9326
9327
9328
9332
9333
9334
9335
9336
9337
9338
9338
9339
9339
9340
9341
9346
9346
9346
9346
9348
9349
9349
9352
9352
9352
9352
9353
9357
9358
9358
9359
9359
9361
9362
9363
9364
9364
9364
9365
9365
9367
9367
9368
9368
9369
9369
9369
9370
9370
9371
9371
9371
9372
9374
9375
9375
9375
9377
9377
9379
9379
9380
9381
9382
9382
9383
9383
9384
9384
9384
9385
9385
9386
9386
9386
9387
9389
9389
9389
9391
9391
9393
9394
9395
9395
9395
9398
9398
9399
9399
9400
9400
9401
9401
9402
9403
9404
9406
9408
9410
9411
9412
9412
9414
9415
9416
9419
9420
9420
9421
9421
9422
9423
9424
9424
9425
9426
9426
9428
9428
9428
9429
9430
9432
9433
9434
9434
9435
9438
9439
9439
9439
9440
9441
9443
9443
9444
9444
9444
9445
9448
9449
9450
9450
9451
9451
9452
9452
9453
9453
9455
9456
9458
9458
9459
9460
9462
9463
9464
9464
9465
9465
9468
9469
9469
9471
9473
9474
9474
9475
9475
9475
9476
9478
9479
9480
9480
9481
9485
9485
9489
9489
9489
9490
9492
9493
9494
9495
9496
9496
9497
9497
9499
9500
9501
9501
9501
9501
9502
9502
9502
9502
9502
9503
9503
9505
9507
9510
9511
9512
9513
9513
9514
9514
9516
9516
9517
9520
9521
9521
9522
9522
9524
9526
9526
9527
9527
9528
9529
9532
9533
9536
9537
9538
9539
9542
9544
9544
9545
9545
9546
9547
9548
9548
9549
9549
9551
9552
9552
9553
9554
9557
9559
9560
9563
9564
9565
9566
9567
9567
9567
9567
9568
9569
9570
9570
9571
9572
9573
9573
9574
9575
9577
9578
9580
9583
9583
9585
9595
9597
9597
9598
9599
9601
9601
9601
9601
9605
9606
9608
9610
9610
9611
9612
9613
9613
9615
9615
9616
9616
9618
9618
9618
9619
9620
9620
9622
9623
9623
9624
9624
9625
9625
9625
9627
9627
9629
9630
9630
9633
9637
9638
9642
9646
9646
9649
9649
9649
9650
9650
9652
9653
9654
9654
9655
9656
9658
9658
9661
9661
9661
9663
9664
9666
9666
9667
9668
9668
9669
9670
9671
9674
9675
9677
9683
9684
9684
9684
9685
9687
9688
9688
9688
9689
9690
9691
9692
9692
9693
9693
9694
9694
9695
9695
9695
9696
9697
9697
9698
9698
9699
9700
9701
9703
9705
9706
9709
9711
9711
9712
9712
9712
9714
9714
9715
9718
9718
9719
9721
9722
9725
9726
9726
9727
9728
9729
9729
9731
9732
9734
9735
9736
9736
9736
9737
9738
9738
9739
9739
9741
9741
9746
9747
9748
9748
9749
9749
9750
9751
9751
9751
9752
9752
9752
9753
9754
9755
9755
9755
9757
9758
9759
9759
9759
9760
9762
9763
9764
9764
9765
9766
9767
9768
9768
9768
9768
9768
9769
9769
9772
9773
9774
9777
9777
9778
9779
9780
9783
9785
9788
9788
9789
9789
9789
9790
9792
9792
9793
9793
9794
9794
9795
9795
9796
9797
9797
9799
9800
9801
9802
9802
9803
9804
9804
9805
9806
9807
9810
9810
9811
9812
9813
9813
9814
9814
9815
9815
9815
9817
9819
9821
9821
9824
9824
9824
9824
9825
9825
9826
9826
9827
9828
9831
9833
9834
9836
9837
9839
9839
9841
9841
9842
9843
9845
9845
9846
9847
9849
9849
9850
9853
9854
9854
9854
9858
9859
9860
9860
9861
9862
9862
9862
9863
9864
9865
9865
9867
9869
9869
9869
9870
9871
9872
9873
9874
9874
9874
9876
9876
9879
9881
9881
9884
9885
9886
9888
9889
9890
9891
9891
9891
9896
9896
9896
9896
9896
9896
9897
9897
9897
9899
9900
9903
9906
9907
9907
9907
9907
9907
9908
9911
9911
9912
9912
9914
9915
9915
9915
9916
9916
9916
9916
9917
9918
9919
9921
9922
9922
9925
9926
9927
9928
9929
9929
9931
9931
9934
9936
9936
9938
9939
9944
9945
9946
9946
9947
9947
9947
9949
9950
9952
9957
9958
9958
9959
9960
9961
9963
9963
9964
9967
9968
9968
9968
9969
9969
9969
9969
9970
9972
9974
9976
9976
9976
9976
9976
9976
9978
9979
9980
9980
9981
9981
9981
9983
9984
9984
9988
9989
9989
9990
9991
9991
9991
9993
9993
9998
9998
9999
9999
10000
